01000100000010100000000000000000,
00000100000010110000000000000001,
10001101010000000000000000011111,
01010001010010100000100000010000,
01010001011010110001000000010000,
00000100000000110000000000100000,
01010000010000100011100000010000,
00001100111001110000000000000001,
00011100111001110000000000000001,
00000000111001100011100000000100,
10001100111000000000000000001010,
00001000111001110000000000000001,
10001100111000000000000000000101,
00001000111001110000000000000001,
10001100111000000000000000000101,
00001000111001110000000000000001,
10001100111000000000000000000100,
00000000100000010010000000000001,
10000000000000000000000000000010,
00000000100000010010000000000010,
01010000100001000011100000010000,
00001100111001110000000000000001,
00011100111001110000000000011111,
01010000010000100011000000010000,
00001100110001100000000000000001,
00100000010000100000000000000001,
00000000010001110001000000000100,
00100100100001000000000000000001,
00001000011000110000000000000001,
10001000011000001111111111101001,
01010000010000100101100000010000,
00001001010010100000000000000001,
10000011111111111111111111100010,
10010000000000000000000000000000,
